  #     XBIN        YBIN       VEL       ER_VEL      SIG       ER_SIG
  1    -5.6000    -3.2000  1924.2612     5.0021   167.5929     6.6316
  2    -5.6000    -2.4000  1949.4697     5.5172   158.1428    15.0470
  3    -5.6000    -1.6000  1973.5778     7.1749   136.1071    13.4320
  4    -5.6000    -0.8000  1995.6958     5.9493   157.8206     9.3654
  5    -5.6000     0.0000  2009.0918     5.2744   159.3050     6.0594
  6    -5.6000     0.8000  2029.7490     4.9671   146.9706     8.6670
  7    -4.8000    -4.0000  1916.5611     5.2779   147.7384    13.3244
  8    -4.8000    -3.2000  1928.8102     5.0435   155.8814    14.0435
  9    -4.8000    -2.4000  1950.0161     4.6740   167.5295     5.1281
 10    -4.8000    -1.6000  1972.0747     4.8686   157.0776     5.0984
 11    -4.8000    -0.8000  1987.0884     5.0226   161.4609    10.7937
 12    -4.8000     0.0000  2017.8797     4.4776   160.9562     4.8246
 13    -4.8000     0.8000  2041.6475     5.4216   160.5973     9.8994
 14    -4.8000     1.6000  2068.6920     4.5726   163.2223     9.8135
 15    -4.8000     2.4000  2077.3970     3.6476   162.5552     6.0404
 16    -4.8000     3.2000  2107.5212     3.7510   158.7172     6.3311
 17    -4.8000     4.0000  2127.3382     3.4201   151.0209     5.8887
 18    -4.0000    -4.8000  1894.6228     5.7308   152.0332    19.7746
 19    -4.0000    -4.0000  1899.5486     5.0475   162.2936    14.5521
 20    -4.0000    -3.2000  1921.1935     4.2579   164.4293     9.5064
 21    -4.0000    -2.4000  1943.5092     4.0467   181.1006     5.4848
 22    -4.0000    -1.6000  1960.6236     3.9554   162.9198     5.6605
 23    -4.0000    -0.8000  1980.5060     3.8987   172.9203     4.5880
 24    -4.0000     0.0000  2005.6814     3.3830   183.0080     3.6255
 25    -4.0000     0.8000  2033.5982     3.4743   187.3598     3.8635
 26    -4.0000     1.6000  2062.7642     4.2007   183.4791     5.3688
 27    -4.0000     2.4000  2076.6117     4.3203   173.9137     7.6354
 28    -4.0000     3.2000  2104.2301     6.6800   154.3518    12.6480
 29    -4.0000     4.0000  2126.8439     5.4312   152.2037     8.9800
 30    -4.0000     4.8000  2127.8900     5.6675   143.2767     8.2680
 31    -3.2000    -5.6000  1867.0714     4.5924   149.2153    15.1397
 32    -3.2000    -4.8000  1873.7321     4.4607   150.2896    17.4546
 33    -3.2000    -4.0000  1877.5666     3.7259   168.4078     7.2308
 34    -3.2000    -3.2000  1900.3100     3.4943   176.9576     5.0878
 35    -3.2000    -2.4000  1926.3140     3.0932   185.0288     3.6893
 36    -3.2000    -1.6000  1944.6813     3.0255   182.4914     3.1524
 37    -3.2000    -0.8000  1970.6346     3.0770   189.2889     2.9455
 38    -3.2000     0.0000  1996.8034     2.9157   198.0182     2.5975
 39    -3.2000     0.8000  2024.3436     2.9507   199.0820     2.9055
 40    -3.2000     1.6000  2054.4382     3.0683   189.6531     3.7506
 41    -3.2000     2.4000  2067.8775     3.5486   184.5040     4.4829
 42    -3.2000     3.2000  2083.8407     3.8220   176.7576     5.1884
 43    -3.2000     4.0000  2092.0265     4.3811   170.0506     6.1679
 44    -3.2000     4.8000  2105.0643     7.4674   146.5521    11.5135
 45    -3.2000     5.6000  2094.0692     5.0583   166.3626     7.7846
 46    -2.4000    -6.4000  1850.6770     4.7859   139.9967    11.8161
 47    -2.4000    -5.6000  1856.0813     3.2631   162.0063     7.2466
 48    -2.4000    -4.8000  1866.4001     3.1176   162.3731     6.3336
 49    -2.4000    -4.0000  1872.2914     2.9334   172.3694     5.6760
 50    -2.4000    -3.2000  1889.4533     2.8286   172.6265     5.1902
 51    -2.4000    -2.4000  1907.3398     2.6520   178.3592     4.5432
 52    -2.4000    -1.6000  1927.9367     2.5885   193.6454     2.9618
 53    -2.4000    -0.8000  1955.0974     2.5876   207.2044     2.3201
 54    -2.4000     0.0000  1986.7927     2.5709   207.1200     2.1891
 55    -2.4000     0.8000  2020.9721     2.6530   203.5094     2.3099
 56    -2.4000     1.6000  2047.6633     2.8463   201.3926     3.0863
 57    -2.4000     2.4000  2055.7809     3.1697   195.7592     3.6975
 58    -2.4000     3.2000  2070.0848     3.3988   181.0675     4.7016
 59    -2.4000     4.0000  2078.3692     3.3151   172.1334     5.5738
 60    -2.4000     4.8000  2086.8991     3.4551   151.4511     6.6313
 61    -2.4000     5.6000  2081.7748     4.0034   155.3402    13.3458
 62    -1.6000    -6.4000  1833.2063     4.1066   143.0905    12.6362
 63    -1.6000    -5.6000  1840.7499     2.8282   164.6896     6.8648
 64    -1.6000    -4.8000  1847.8309     2.6033   171.3859     5.5913
 65    -1.6000    -4.0000  1849.4184     2.3241   176.2553     4.9401
 66    -1.6000    -3.2000  1866.1844     2.3424   183.4559     4.3838
 67    -1.6000    -2.4000  1885.0155     2.1595   192.5079     3.4667
 68    -1.6000    -1.6000  1906.6386     2.1993   205.4910     3.1026
 69    -1.6000    -0.8000  1939.8732     2.0246   222.0312     2.1875
 70    -1.6000     0.0000  1981.4547     1.9851   225.4008     1.7080
 71    -1.6000     0.8000  2017.2580     2.2123   219.9944     1.8601
 72    -1.6000     1.6000  2037.2952     2.6390   214.4701     2.4824
 73    -1.6000     2.4000  2047.2162     3.0011   199.7819     3.3936
 74    -1.6000     3.2000  2045.9328     3.5267   186.5626     4.2083
 75    -1.6000     4.0000  2059.1341     3.4725   173.9950     5.1536
 76    -1.6000     4.8000  2066.8266     3.5037   159.7029     6.0563
 77    -1.6000     5.6000  2061.3968     5.0566   151.0096    13.4324
 78    -1.6000     6.4000  2056.4200     4.6108   154.2954     8.1108
 79    -0.8000    -7.2000  1797.8279     5.6619   129.9607    13.7633
 80    -0.8000    -6.4000  1808.4021     2.7991   155.2452     7.3412
 81    -0.8000    -5.6000  1815.4922     2.3747   159.0285     5.4541
 82    -0.8000    -4.8000  1816.8771     2.1360   168.8564     4.8708
 83    -0.8000    -4.0000  1818.0494     1.9240   181.2522     4.8189
 84    -0.8000    -3.2000  1833.8524     1.9124   194.5129     4.0883
 85    -0.8000    -2.4000  1852.7823     1.8339   200.4936     3.4921
 86    -0.8000    -1.6000  1874.5466     1.7391   222.5042     2.8094
 87    -0.8000    -0.8000  1911.5359     1.4101   235.0235     1.7949
 88    -0.8000     0.0000  1957.6710     1.3062   238.2254     1.1954
 89    -0.8000     0.8000  1995.2768     1.6105   226.6508     1.3318
 90    -0.8000     1.6000  2016.8849     2.1140   216.9912     1.7560
 91    -0.8000     2.4000  2020.2862     2.5223   202.9279     2.2915
 92    -0.8000     3.2000  2027.1707     2.7577   187.9258     3.0377
 93    -0.8000     4.0000  2039.2183     3.2936   171.2819     4.2298
 94    -0.8000     4.8000  2046.6842     3.7058   160.3154     5.4685
 95    -0.8000     5.6000  2037.6288     4.9355   159.0155    11.6748
 96    -0.8000     6.4000  2029.3031     6.0607   161.3723    13.2525
 97     0.0000    -7.2000  1782.6902     8.2849   135.6396    13.4767
 98     0.0000    -6.4000  1783.5632     7.0667   155.6021    13.9147
 99     0.0000    -5.6000  1791.8799     2.2519   163.4676     5.3075
100     0.0000    -4.8000  1792.8359     2.0104   169.1807     5.1451
101     0.0000    -4.0000  1796.0469     1.7965   180.1663     4.6787
102     0.0000    -3.2000  1809.5643     1.7479   194.4142     3.9844
103     0.0000    -2.4000  1829.1219     1.6488   203.9828     3.3904
104     0.0000    -1.6000  1838.7761     1.4136   217.0633     2.7002
105     0.0000    -0.8000  1859.1054     1.0692   232.6416     1.7683
106     0.0000     0.0000  1902.1665     0.9988   244.2319     1.2007
107     0.0000     0.8000  1951.8499     1.3586   234.5097     1.2622
108     0.0000     1.6000  1975.7875     1.9723   227.6208     1.6876
109     0.0000     2.4000  1987.1805     2.3905   210.7648     2.1409
110     0.0000     3.2000  2005.6713     2.8960   192.3888     2.6595
111     0.0000     4.0000  2012.3240     3.4168   174.0581     4.0341
112     0.0000     4.8000  2017.3080     3.9648   164.0740     5.5351
113     0.0000     5.6000  2011.3026     4.9198   154.7761    11.8304
114     0.0000     6.4000  2012.0459     4.8583   150.6816    14.6982
115     0.8000    -8.0000  1751.9552     5.2959   124.5066     8.7187
116     0.8000    -7.2000  1760.2500     4.8863   135.6456     8.3000
117     0.8000    -6.4000  1768.8936     2.7227   148.9281     6.0545
118     0.8000    -5.6000  1765.6417     2.3077   157.0570     5.2009
119     0.8000    -4.8000  1763.9885     2.0394   158.8302     4.8267
120     0.8000    -4.0000  1765.5135     1.8291   178.5164     4.1243
121     0.8000    -3.2000  1775.1249     1.7618   191.5557     3.8224
122     0.8000    -2.4000  1794.5603     1.7461   210.0769     3.6915
123     0.8000    -1.6000  1800.9682     1.5056   217.8463     2.8972
124     0.8000    -0.8000  1816.6416     1.1433   224.9928     2.1510
125     0.8000     0.0000  1855.4248     1.0684   233.0144     1.7652
126     0.8000     0.8000  1899.2253     1.4177   230.0895     1.8872
127     0.8000     1.6000  1930.3532     2.0407   220.4913     2.2325
128     0.8000     2.4000  1952.1116     2.4997   194.4118     2.5520
129     0.8000     3.2000  1978.0932     2.9779   181.3077     2.9349
130     0.8000     4.0000  1980.7123     3.4909   174.2046     4.4180
131     0.8000     4.8000  1986.2432     4.0193   173.5879     4.8471
132     0.8000     5.6000  1985.8151     4.1798   168.4457     4.3471
133     0.8000     6.4000  1998.3465     5.3881   148.3704     8.8547
134     0.8000     7.2000  2008.3783     6.3341   129.1424     8.5255
135     1.6000    -8.0000  1741.0037     5.7515   128.1138     9.1175
136     1.6000    -7.2000  1732.8741     3.4704   143.5596     5.8800
137     1.6000    -6.4000  1734.0223     3.3237   156.7698     5.2869
138     1.6000    -5.6000  1733.3775     4.3496   148.4119     8.3401
139     1.6000    -4.8000  1739.3940     2.2536   159.6655     4.0836
140     1.6000    -4.0000  1740.9520     2.0147   178.9901     3.3967
141     1.6000    -3.2000  1752.5944     1.9123   190.7327     3.2339
142     1.6000    -2.4000  1767.3368     1.8156   201.2480     3.3314
143     1.6000    -1.6000  1785.6145     1.5805   211.5909     2.9766
144     1.6000    -0.8000  1799.6992     1.3659   217.5729     2.6161
145     1.6000     0.0000  1833.1753     1.3270   219.3897     2.4735
146     1.6000     0.8000  1872.8194     1.7061   214.2631     2.7952
147     1.6000     1.6000  1908.6788     2.4944   204.7991     3.6198
148     1.6000     2.4000  1932.9016     2.9455   177.5202     7.8532
149     1.6000     3.2000  1945.5926     3.2406   176.7734     4.7332
150     1.6000     4.0000  1952.4169     3.5125   185.5135     3.5371
151     1.6000     4.8000  1970.7851     7.4016   155.8338    13.2081
152     1.6000     5.6000  1964.7870     9.1810   147.5039    14.9683
153     1.6000     6.4000  1961.9470     9.4835   151.3276    21.3439
154     2.4000    -8.0000  1718.9260     4.5031   131.9454     9.0070
155     2.4000    -7.2000  1721.5042     4.7930   144.9216     9.6772
156     2.4000    -6.4000  1720.7821     4.2722   160.1609     6.7944
157     2.4000    -5.6000  1701.1589     4.6590   142.2504     7.9121
158     2.4000    -4.8000  1704.5594     3.1106   158.8835     4.8022
159     2.4000    -4.0000  1722.0585     2.3492   175.1992     3.3391
160     2.4000    -3.2000  1736.9716     2.1051   187.0262     3.1117
161     2.4000    -2.4000  1750.7892     1.9005   196.1470     3.2631
162     2.4000    -1.6000  1772.5770     1.7230   200.8345     3.3678
163     2.4000    -0.8000  1795.6712     1.6448   208.7800     3.5480
164     2.4000     0.0000  1823.1723     1.6834   205.6937     3.9103
165     2.4000     0.8000  1854.8648     1.9440   199.0909     4.1307
166     2.4000     1.6000  1882.0592     2.5255   187.2505     4.7298
167     2.4000     2.4000  1902.3524     2.8868   171.1440     5.5673
168     2.4000     3.2000  1917.6808     3.7947   170.9973    18.5948
169     2.4000     4.0000  1936.7077     3.8652   174.9342     4.9653
170     2.4000     4.8000  1953.9580     7.2488   152.4654    16.6414
171     2.4000     5.6000  1959.5984     8.2353   140.4485    12.8125
172     3.2000    -8.8000  1706.5902     4.3235   124.6298     6.8429
173     3.2000    -8.0000  1694.6665     4.3892   136.4563     5.8995
174     3.2000    -7.2000  1704.4752     3.9872   149.6321     5.9839
175     3.2000    -6.4000  1709.5433     3.6230   159.7754     5.8033
176     3.2000    -5.6000  1683.7701     3.8988   143.5932     7.4658
177     3.2000    -4.8000  1683.0315     3.8206   147.4457     6.7743
178     3.2000    -4.0000  1703.2889     2.9300   163.3476     4.3879
179     3.2000    -3.2000  1719.7420     2.2930   183.0147     3.3913
180     3.2000    -2.4000  1737.3022     2.1262   191.2106     3.4249
181     3.2000    -1.6000  1760.0908     1.8695   191.7191     3.7578
182     3.2000    -0.8000  1775.9730     1.8041   191.3507     4.2248
183     3.2000     0.0000  1808.4506     1.8385   181.6714     4.4335
184     3.2000     0.8000  1839.3245     2.0546   186.0471     4.4015
185     3.2000     1.6000  1856.5485     2.4368   184.5966     5.2769
186     3.2000     2.4000  1885.7817     3.0183   170.4197     5.8408
187     3.2000     3.2000  1901.3578     3.5003   177.7307     5.9630
188     3.2000     4.0000  1923.2614     4.6370   153.9415    13.5879
189     3.2000     4.8000  1932.7341     5.3038   158.8264    10.2805
190     3.2000     5.6000  1945.5289     5.4561   161.2302     8.6675
191     4.0000    -8.8000  1697.3297     4.7958   130.7267     9.7387
192     4.0000    -8.0000  1695.5439     8.6454   145.9556    15.2873
193     4.0000    -7.2000  1692.2509     5.2508   142.9611     7.5814
194     4.0000    -6.4000  1689.2578     6.1918   145.5526    11.6874
195     4.0000    -5.6000  1677.9062     5.5552   140.6494    10.0549
196     4.0000    -4.8000  1675.6724     5.7689   148.0359     9.9656
197     4.0000    -4.0000  1693.6723     3.8796   161.2691     6.0289
198     4.0000    -3.2000  1711.9504     2.6654   171.6835     3.8888
199     4.0000    -2.4000  1726.5429     2.5384   174.8708     4.3922
200     4.0000    -1.6000  1747.9255     2.2918   171.4230     4.8673
201     4.0000    -0.8000  1767.3142     2.1258   179.6270     4.8617
202     4.0000     0.0000  1810.5355     1.9861   172.5032     5.0373
203     4.0000     0.8000  1824.5365     2.1888   174.0101     5.6134
204     4.0000     1.6000  1843.8598     2.6211   190.9991     6.2593
205     4.0000     2.4000  1881.4451     3.1402   176.2642     6.6223
206     4.0000     3.2000  1892.3971     4.3819   161.8510    18.9498
207     4.0000     4.0000  1909.4015     5.0513   154.1951    16.8016
208     4.0000     4.8000  1918.6246     5.7237   156.0311    15.7124
209     4.8000    -7.2000  1686.2595     4.8483   149.2080     7.1221
210     4.8000    -6.4000  1678.9614     7.2671   132.4627    11.7192
211     4.8000    -5.6000  1676.7630     5.0768   127.7421     6.1701
212     4.8000    -4.8000  1672.2469     5.6410   143.7231    10.2138
213     4.8000    -4.0000  1681.8944     5.9435   148.5111    11.0184
214     4.8000    -3.2000  1707.6766     4.1164   166.0315     7.1316
215     4.8000    -2.4000  1719.9340     4.2741   160.7416     9.5109
216     4.8000    -1.6000  1745.5576     3.5540   153.1588     8.1380
217     4.8000    -0.8000  1766.4830     2.3513   156.1673     4.9413
218     4.8000     0.0000  1798.9896     2.3724   161.2887     5.8347
219     4.8000     0.8000  1817.7981     2.3708   173.2162     6.0888
220     4.8000     1.6000  1836.7778     2.7423   169.8459     9.6030
221     4.8000     2.4000  1868.8461     3.9102   147.1934    11.3237
222     4.8000     3.2000  1879.1319     4.9568   145.9376    12.0156
223     4.8000     4.0000  1890.2381     5.3841   141.1723    12.8869
224     5.6000    -6.4000  1683.4951     5.6670   146.9874     8.4464
225     5.6000    -5.6000  1686.6797     5.8858   148.5564     8.5781
226     5.6000    -4.8000  1686.4654     3.1115   145.4191     4.4209
227     5.6000    -4.0000  1694.4466     3.6025   148.3373     6.0304
228     5.6000    -3.2000  1714.4154     3.7962   154.9797     8.3563
229     5.6000    -2.4000  1728.3750     3.4804   156.6339     8.1675
230     5.6000    -1.6000  1752.6940     3.0598   154.7712     8.2931
231     5.6000    -0.8000  1769.2721     2.7693   157.2653     6.7396
232     5.6000     0.0000  1786.0644     3.2609   155.7573     8.2551
233     5.6000     0.8000  1820.5196     2.7624   165.3480     7.0296
234     5.6000     1.6000  1842.8146     3.5231   162.0827    13.7692
235     5.6000     2.4000  1860.9288     3.9897   147.2043     9.3555
236     5.6000     3.2000  1870.5134     4.7415   154.1623    14.0821
237     6.4000    -5.6000  1691.6181     7.2590   155.5043    12.5062
238     6.4000    -4.8000  1700.5336     3.7948   149.5860     6.2242
239     6.4000    -4.0000  1700.7928     6.8230   144.6114    11.7148
240     6.4000    -3.2000  1715.5035     4.3936   136.1470     7.9830
241     6.4000    -2.4000  1738.6651     4.4550   141.8749    12.6002
242     6.4000    -1.6000  1750.6643     4.6969   150.0964    10.5334
243     6.4000    -0.8000  1774.0280     3.0158   156.1949     7.0367
244     6.4000     0.0000  1799.8005     3.0922   151.4864     8.9334
245     6.4000     0.8000  1820.1123     3.0309   160.5578     9.5941
246     6.4000     1.6000  1832.0916     3.9662   154.0392    13.4796
247     7.2000    -4.0000  1697.0390     5.2636   129.0898     5.5647
248     7.2000    -3.2000  1716.6835     5.8620   130.8061     7.4775
249     7.2000    -2.4000  1746.3448     4.4594   151.9129    11.3075
250     7.2000    -1.6000  1757.5574     3.0789   165.8372     6.9191
251     7.2000    -0.8000  1782.1214     3.3876   159.1429    12.0394
252     7.2000     0.0000  1809.0358     3.7828   146.3482    13.0574
253     8.0000    -3.2000  1725.4818     6.0786   138.0404    10.1452
254     8.0000    -2.4000  1736.5240     4.3098   136.7381     7.6541
255    -5.6000     1.6000  2067.6026     4.4663   147.6454     8.5812
256    -5.6000     2.4000  2066.6277     4.6544   160.4444     7.3502
257     6.4000     2.4000  1855.9641     4.7107   136.9743     8.3741
258    -6.4000     0.0000  2006.0233     7.9217   167.7012    18.2569
259    -6.4000    -0.8000  1998.9248     6.9974   148.1359    16.6903
260    -4.8000    -4.8000  1904.6450     4.7737   159.5120    10.1235
261    -4.0000    -5.6000  1882.9743     5.9075   151.8061    18.4859
262    -6.7591     0.8000  2032.4761     5.4925   152.1167    13.8850
263    -6.7906    -1.6000  1971.0830     5.7178   149.4275    12.9042
264     4.8000     4.8000  1907.8833     6.3265   143.2519    14.8372
265     5.6000     4.0000  1882.5727     5.2972   153.8436    14.4043
266    -5.6000     3.2000  2090.0429     4.4279   163.1966     6.7844
267    -5.6000    -4.0000  1918.1355     5.8353   137.1980     7.9968
268     7.2000     0.8000  1808.6380     3.4433   161.4746     7.9350
269    -3.2000    -6.4000  1855.4518     4.6839   137.2933     7.7952
270     4.0000     5.6000  1923.5859     5.7557   156.5013    13.7581
271     6.4000     3.2000  1868.6088     6.4161   135.6081    14.2398
272    -6.4000     1.6000  2063.6932     4.3286   147.4796     7.8372
273    -6.4000    -2.4000  1951.9267     7.4114   145.0844    12.2800
274     2.4000     6.4000  1954.2054     7.3331   136.9128    12.2360
275    -1.6000    -7.2000  1803.7815     4.0305   130.7512     7.0934
276     7.2000     1.6000  1821.4815     4.7391   135.6177    12.7693
277    -6.4000    -3.2000  1934.4442     5.6939   152.1152     8.2998
278    -6.4000     2.4000  2067.3811     4.9538   154.9170    10.0126
279    -4.8000    -5.6000  1882.3764     4.8478   163.9109     6.7817
280    -4.8000     4.8000  2128.9132     6.5332   134.6786     8.7198
281    -2.4000     6.4000  2075.1269     5.5524   160.8195    12.4154
282    -2.4000    -7.2000  1821.0665     4.0993   135.7121     8.3194
283     3.2000     6.4000  1953.9194     6.4580   137.2364     6.6124
284     7.2000     2.4000  1851.5239     5.6775   137.7099    13.5416
285     5.6000     4.8000  1896.7306     6.3372   145.0585    13.5905
286    -4.0000    -6.4000  1871.1443     5.1511   132.6467    10.4305
287    -5.6000    -4.8000  1901.4835     6.1763   141.5721    14.6879
288     6.4000     4.0000  1875.2193     7.9054   138.5221    17.8227
289     4.8000     5.6000  1918.9532     6.6136   159.8189    14.8600
290    -5.6000     4.0000  2106.3841     4.8687   141.1117     8.8990
291    -4.0000     5.6000  2120.0314     4.9068   153.2319     7.9162
292     0.0000    -8.0000  1771.2164     4.8266   129.5368     7.6552
293     8.0000    -0.8000  1777.8739     5.6956   150.8996    13.2709
294     8.0000     0.0000  1791.2853     6.8376   129.9637    11.1168
295    -7.2000    -0.3854  2010.6355     7.2367   153.7759    16.6390
296     0.0000     7.2000  2011.4613     5.8641   142.4997    10.7658
297    -0.8000    -8.0000  1789.7960     4.7447   135.3314     7.0427
298    -3.2000    -7.2000  1838.9306     6.4933   131.1659    14.2207
299     8.0000    -1.6000  1755.0755     3.8296   157.2565     8.0946
300     8.0000     0.8000  1804.5357     4.3400   150.9141     9.6540
301     7.2000     3.2000  1857.6215     6.1195   145.4680    15.3317
302    -6.4000    -4.0000  1923.1126     6.1418   132.5937     5.9744
303     4.0000     6.4000  1930.7392     6.1867   133.5597     5.5353
304     1.6000     7.2000  1989.5423     8.3577   155.4090    15.7768
305    -0.8000     7.2000  2032.6683     5.5836   152.7877    12.8058
306    -3.2000     6.4000  2090.6688     7.2108   161.6009    12.9932
307    -6.4000     3.2000  2076.7170     4.6565   154.1291     7.5237
308     8.0000     1.6000  1819.1897     4.7474   139.6721     8.1607
309    -1.6000    -8.0000  1797.2752     9.8228   144.4663    14.1410
310     2.4000     7.2000  1965.9085     6.6687   144.5699    12.0150
311    -7.2000    -2.7814  1953.4588     5.2422   137.5911     6.6189
312    -7.2000     2.0031  2049.3626     6.2974   142.6816    14.2895
313    -1.6000     7.2000  2050.8945     5.2210   149.1021    11.9891
314    -4.8000    -6.4000  1876.9655     5.6690   147.8570    11.9907
315    -5.9717    -5.6000  1899.8668     4.3223   151.2485    11.3513
316     6.4000     5.1777  1898.0515     5.1265   148.6472    15.2598
317     5.6000     5.9680  1924.4889     5.1136   147.1834    13.6220
318    -4.8000     5.6000  2126.7379     4.6181   150.5238     7.0083
319    -5.6000     4.8000  2117.1818     6.6001   139.9540     9.9096
320     7.2000    -4.8000  1689.8525     4.4885   148.0283     6.2532
321    -2.4000    -8.0000  1815.2544     8.6887   127.7751    11.8365
322     8.0000     2.7775  1848.1616     3.3619   153.0754     6.7415
323     7.2000     4.3766  1862.3362     4.5884   144.5718    18.6061
324    -4.3806    -7.2000  1870.2464     4.3089   124.8916     7.8041
325     4.8000     6.7665  1932.0721     5.2883   135.6830     6.6576
326     3.5766     7.2000  1952.4950     4.5933   134.6024     5.6496
327    -6.7720    -4.8000  1918.6576     5.2438   130.9876    10.3999
328    -2.4000     7.2000  2063.0588     5.9688   167.2460     9.2109
329    -4.0000     6.4000  2110.1560     7.4561   159.2443    12.4210
330    -6.4000     4.0000  2093.0174     4.1338   142.8472     7.3790
331     8.0000    -4.0000  1716.2363     6.0083   130.8997     6.2946
332     8.8000    -0.8000  1790.7699     4.7140   139.5297     8.3783
333     8.8000     0.3868  1804.4589     3.1061   146.7422     7.6269
334     0.8000    -8.8000  1749.3312     5.2141   125.9016     8.9774
335     0.0000    -8.8000  1776.5094     4.9297   134.3386     9.0986
336     6.4000    -6.4000  1682.2178     5.2994   139.5043     8.6762
337     8.8000    -1.6000  1773.8785     5.6557   149.0139    12.9495
338    -3.5843    -8.0000  1837.4037     3.2171   158.0529    10.3044
339     1.6000    -8.8000  1742.1506     5.6377   122.4895     6.5943
340    -0.8000    -8.8000  1798.7237     6.4003   135.8420    12.4501
341     7.2000    -5.6000  1685.5703     5.7671   150.4284     8.2980
342     5.6000    -7.2000  1679.2533     5.8984   152.4793     7.6394
343    -7.5183    -4.0000  1941.9433     5.8617   136.0772    11.5692
344    -5.6000    -6.7756  1883.3338     6.3251   146.8193    14.3533
345     2.4000    -8.8000  1729.8157     4.1671   128.0553     6.2945
346    -8.2415    -1.0712  1995.2070     6.7310   154.7132    11.4503
347    -8.0000     0.4114  2024.1821     5.1064   138.8338    10.8137
348    -1.9903    -8.8000  1820.8120     3.7948   148.1302     9.7451
349     8.8000    -2.8110  1742.1221     3.5510   147.3154     6.3875
350    -7.2000     3.5988  2088.6073     4.1419   148.9313     8.8521
351     0.3730     8.0000  2014.0019     5.2329   127.7062     7.7163
352    -3.5892     7.2000  2092.3784     9.6186   164.2049    18.2211
353     1.6000     8.0000  1997.7321     8.2674   140.5979    12.7818
354     8.8000     1.9813  1822.3022     4.1667   145.7890     8.9461
355    -0.8000     8.0000  2039.1646     8.4599   154.6564    16.2545
356    -5.6000     5.6000  2115.3588     4.2381   158.2645     7.3656
357     4.8000    -8.0000  1681.1814     4.3410   140.0667     6.0748
358     8.0000    -4.8000  1702.5274     5.0419   139.2313     7.2618
359    -6.7612     4.8000  2108.1841     2.9395   151.2857     4.6146
360    -4.8000     6.4000  2112.0890     4.8420   162.7377     6.5776
361    -8.0000    -2.7847  1963.2138     7.7995   140.5658    12.5072
362     2.7779     8.0000  1965.3017     5.8686   131.1550    10.6930
363    -8.0000     2.0065  2048.2810     4.9967   135.6801     9.5905
364    -2.0004     8.0000  2051.9585     3.4547   150.8248    12.2759
365     8.0000     4.3758  1868.8844     5.3139   131.6872     9.7549
366     6.4000    -7.2000  1658.0175     4.1895   137.3018     6.6650
367     7.2000    -6.4000  1680.2729     5.9097   141.5723     9.9639
368     8.8000    -4.0000  1722.8568     5.0432   136.2415    12.5275
369    -6.7693    -6.4000  1908.9657     5.3355   139.0660    11.5263
370    -3.5841    -8.8000  1841.5166     3.9778   140.2790    10.1066
371     5.6000    -8.0000  1664.6594     4.3677   137.3698     6.0203
372     8.0000    -5.6000  1693.1904     3.9898   141.9537     6.3990
373     0.8000    -9.9673  1755.8114     3.3276   136.0317     4.8978
374     0.0000    -9.9688  1779.2409     4.0080   132.9390     5.8379
375     7.2000     5.9718  1889.4585     4.6711   170.8723     7.0264
376     9.9158    -0.8000  1774.0579     6.5666   127.1594    11.8050
377     8.8000     3.5743  1848.5828     6.0954   127.7162    13.1561
378     6.4000     6.7692  1909.8476     5.6836   143.6179    19.2061
379     9.9141     0.0000  1785.2869     5.1679   136.9469    10.8020
380     1.6000    -9.6000  1740.4692     4.6254   127.9786     6.4930
381     9.9692    -1.6000  1770.4133     8.0026   125.9616    10.8698
382    -0.8000    -9.9775  1791.5776     3.5523   143.3417    14.9664
383    -5.1736    -8.0000  1867.7450     8.2156   138.8310    13.7569
384     9.9669     0.8000  1806.2378     5.9145   134.4342    10.7568
385     2.4000    -9.6000  1741.9725     5.3219   117.8856     7.4427
386    -7.5686    -5.6000  1931.3608     5.7393   138.5298    12.8122
387     9.9668    -2.4000  1753.3663     4.4339   137.7145     6.9290
388     4.0000     8.3653  1948.7362     5.9282   140.1373     8.6760
389     4.8000    -8.8000  1675.6699     4.2672   120.6004     5.1774
390     8.8000    -5.1357  1698.7795     6.7855   132.7780    11.9819
391     5.6000     7.5663  1933.0516     5.9034   135.0147     8.5173
392    -1.6000    -9.9755  1818.9585     4.3970   128.6105    10.5735
393     9.9654     1.6000  1814.9032     4.6944   125.5714     6.3957
394    -6.7701     5.6000  2111.3059     4.1373   144.9183     8.3370
395    -5.6000     6.7770  2114.6046     3.6771   158.9213     6.8318
396    -8.0000     3.5994  2084.2299     3.9086   149.7909     6.3915
397    -3.5918     8.0000  2088.7046     6.3600   148.9394    11.9025
398     0.3789     8.8000  2015.0361     5.1422   138.6980    10.6827
399    -9.0508     0.5372  2043.7057     4.0744   133.8675     6.1956
400    -9.0439    -1.8677  1989.8558     5.8191   153.6748     5.6065
401    -4.8000     7.5833  2104.0895     3.3648   149.0880     5.0019
402     2.0323     8.8000  1984.6767     6.2627   141.9869     9.0214
403    -1.2126     8.8000  2049.7754     4.4192   148.1114    14.0572
404     7.2000    -7.5503  1662.2703     3.9774   129.3603     3.2156
405     9.8967    -3.2000  1728.7663     3.7317   139.3011     6.3570
406     3.2000    -9.6000  1719.6660     5.6559   126.0387    10.7850
407     8.0000    -6.7889  1670.8010     4.4904   130.2695     4.4966
408     6.4000    -8.0000  1662.9305     6.0510   133.2530     8.1916
409     9.9621     2.4000  1816.1331     4.6745   131.1380    10.4553
410    -2.4000    -9.9691  1816.2709     6.1497   122.1345     6.8074
411     4.8000     8.3658  1937.2501     6.3520   137.7090    14.3305
412    -8.4712    -5.0231  1940.1823     8.5814   135.5172    15.8672
413    -8.8000     2.0070  2049.8076     4.3767   140.4998     8.3263
414    -6.7681    -7.2000  1894.6682     5.1538   139.5593    13.4577
415     8.2459     5.8596  1875.4708     4.7092   145.9212    11.3602
416     5.6000    -9.1087  1669.7964     3.8982   119.5881     4.7638
417     4.0000    -9.9704  1710.7826     3.7740   119.2222     4.5479
418     9.8377    -4.2852  1725.0769     6.9473   148.9921    14.1340
419    -8.9883    -3.7032  1953.3641     6.0162   152.4181     9.4733
420     3.2000     9.1675  1983.8005     7.2813   119.7969     7.8689
421    -3.2000    -9.9706  1831.5871     5.2343   124.5149     9.1932
422     9.8464     3.4597  1835.0661     4.4121   134.7757    12.0694
423    -5.1745    -8.8000  1858.8583     4.9523   127.4479     7.1083
424    -2.8031     8.8000  2068.7654     4.2494   131.4192    11.5639
425     9.2904     5.0324  1877.4047     5.1671   143.9843    12.1950
426    -6.7805     6.4000  2109.0944     6.0287   151.9195     9.9258
427     2.0138   -10.4000  1735.5296     3.7911   132.3208     6.3984
428     4.8000    -9.9740  1678.3252     3.2768   123.4694     4.0585
429     6.7871    -8.8000  1661.4138     4.9919   117.8243     6.1891
430     8.8000    -6.7915  1676.8729     3.8670   136.4565     4.6099
431    -4.0000    -9.9696  1846.8724     5.4465   120.6395     6.7311
432    -8.8000     3.6012  2086.2977     4.0527   147.0065     7.7603
433    -8.0000     5.1942  2090.6749     4.7100   154.7729     6.9849
434    -9.8344    -0.5022  2005.0599     4.7419   138.4698     5.8709
435    -6.6512    -8.2552  1885.5089     5.8195   122.7896     7.7678
436     3.2000   -10.7666  1716.8433     3.4797   122.8824     5.5316
437     0.5383     9.8008  2019.3865     6.6278   135.8804    10.5988
438     1.9136     9.8220  1983.7183     6.4953   138.7793     9.5665
439     7.4529     7.4503  1910.5013     7.9116   146.8754    16.0756
440    -1.0946     9.8297  2041.6340     8.1426   150.6321    15.7015
441    -9.9677    -2.7818  1970.1653     6.0866   156.0896    10.6741
442    -8.3700    -6.7774  1914.8751     4.4043   133.7690     7.1319
443    -9.8361     1.8862  2040.1124     4.5525   141.0698    12.9055
444     9.9656    -5.6000  1699.5899     5.8090   123.1272     6.0995
445     6.6291     8.4912  1923.8344     5.6597   145.6637    14.2519
446    -4.4013     8.8000  2101.1592     3.2351   135.9697     6.1900
447    -6.7864     7.2000  2116.6656     5.6280   152.4916     8.9218
448    -5.0587    -9.8494  1853.8935     5.2109   125.4298     9.5958
449    -5.9879     8.0000  2119.8042     3.3719   142.7554     5.0055
450    -2.6867     9.8325  2070.9750     3.3819   142.1758     4.7685
451     8.0000    -8.3837  1653.6837     3.6678   128.7795     4.5548
452     5.3248     9.3168  1937.8471     5.7263   119.2013     5.0365
453     0.4120   -11.2000  1774.8578     7.1947   135.9792    14.7726
454    11.5295    -1.1731  1765.4380     3.1574   139.0959     5.7705
455    11.5674     0.3823  1795.6915     4.1151   123.4134     5.7592
456     1.9895   -11.2000  1737.2569     4.0925   121.5011     6.8055
457    -1.1869   -11.2000  1804.0536     6.2663   132.4312    13.9664
458    10.9069    -5.0551  1709.0243     5.1397   127.4195     8.7194
459     3.7286    10.1121  1971.3505     5.6476   140.0471     7.2657
460     6.4000    -9.9750  1668.9959     4.1131   132.1563     6.9883
461     9.9726    -6.4000  1687.0702     5.2733   146.0108     8.5036
462    -8.8000     5.1948  2108.6542     3.4947   140.0106     4.8120
463     9.1681     6.7743  1896.2646     5.3763   146.3962    14.7084
464    11.5683    -2.8098  1745.6837     2.9282   139.8020     6.0352
465    10.7662     4.3758  1846.6055     4.4575   137.9915     8.7261
466    11.5238     1.9884  1810.2185     4.1106   134.8483     5.1629
467    -9.8442     3.4777  2070.4203     3.7449   142.0612    10.4550
468    -0.0313    10.9711  2017.9826     5.0735   121.6097     5.3299
469   -10.7698     0.4133  2019.5625     4.6697   128.2503     5.8461
470   -11.1489    -1.5728  1983.1227     5.8217   142.4455     5.8071
471    -9.9372    -5.2094  1930.4113     5.8963   147.5787    13.0904
472    -8.0000     6.7930  2118.0834     5.8006   137.1818     8.7078
473    -2.6640   -11.4484  1816.0527     5.7569   128.8942     6.3994
474     5.3430   -10.9105  1660.2011     2.9050   127.5097     4.5963
475     8.8000    -8.3820  1654.6938     4.0444   132.0590     4.9085
476     2.3614    10.9729  1993.4355     5.5898   126.4836     6.4142
477    -4.2882     9.8319  2098.9881     4.0143   134.3952     8.7433
478    -1.8042    11.1322  2061.2513     3.9570   130.5497     6.1444
479    -5.9888     8.8000  2122.4222     4.1986   123.5635     4.7572
480    11.9458    -4.2036  1737.4376     5.4247   122.2374    10.4683
481     4.0000   -11.5044  1703.3589     4.0504   112.3726     5.9876
482     9.8490    -7.4678  1662.4994     3.1474   131.6601     4.4570
483     7.2000    -9.9773  1670.2272     4.1313   131.3631     5.1812
484    11.6911     3.4324  1842.3491     6.2349   139.8725    13.3538
485     8.3704     8.3687  1906.5013     6.2998   145.0590    14.6012
486    -7.4517    -9.0585  1895.3740     6.2505   143.2528    15.3045
487    -8.4996    -8.2358  1910.3847     5.8755   149.4170    12.1816
488   -10.9097     2.6600  2044.7107     4.9190   145.2471     6.2397
489    -6.6350   -10.1005  1881.1645     4.8228   157.9135    11.6016
490     0.4091   -12.0000  1777.5734     7.3957   128.7754    15.4588
491   -11.2856    -3.8532  1964.1083     6.6597   128.8798     9.8491
492    -9.8493     5.0734  2096.9060     3.3934   137.0074     4.5871
493     1.9630   -12.0000  1746.6106     5.5312   114.9762     6.8108
494    -1.0661   -12.2471  1801.6455     8.1963   128.1463    13.7538
495    -4.3810   -11.5734  1843.3217     4.8830   143.5053    12.7915
496    -5.7846   -11.1492  1867.5734     3.9823   158.5563     6.2451
497    -7.5859     8.0000  2127.0552     9.3822   150.8018    16.1416
498    13.1134     0.8141  1818.3897     7.4050   138.3255    14.0977
499    -3.4595    10.9075  2069.4014     3.5777   139.0145     5.6210
500    -8.8000     6.7906  2119.4612     5.7991   138.1069    12.4057
501    -9.8720    -7.0647  1922.9175     5.3526   136.9943     8.3261
502    10.6973     6.2090  1885.5252     4.7362   159.3744     8.5600
503     8.2605    -9.8559  1648.6893     2.9453   128.4402     3.9904
504     2.9410   -12.4870  1725.0112     3.2290   113.2619     4.8105
505     6.7748     9.9701  1941.2005     5.6977   144.0727    19.0614
506     5.1779    10.7678  1966.8578     8.5609   139.2978    13.9997
507   -10.9130     4.2578  2074.2413     5.5310   139.7421     7.8299
508    -5.6000     9.9645  2118.9722     4.2497   122.5381     5.3310
509   -11.7749     1.6282  2044.2013     3.9589   129.8965     5.5652
510    -3.4406   -12.5041  1837.9209     5.5907   146.1460    16.7068
511    -7.5881     8.8000  2131.5172     5.1732   135.4513     6.3429
512     6.6717   -11.4466  1662.8780     3.6558   124.0387     5.2017
513    11.4405    -6.6788  1711.1599     8.3929   136.7852    11.2882
514     5.0780   -12.2412  1681.7190     3.9189   122.9210     6.8128
515     0.5101   -13.0067  1769.7947     4.9140   117.6603     5.9540
516    -5.0534    10.9005  2108.4588     5.8736   133.2334     9.4454
517     1.8603   -13.3104  1736.3512     3.6204   122.4064     3.9920
518     9.8552    -9.0633  1650.1667     3.3996   129.4901     4.7468
519    13.1680    -1.6495  1774.1000     2.9326   157.2213     6.6719
520    -9.8508     6.6739  2121.0276     3.5015   135.9219     4.9090
521     4.0118    11.9063  1967.7960     5.4772   117.4170     5.6834
522    -6.6703     9.8444  2135.6099     2.8864   135.1682     4.6237
523    10.9078    -8.2488  1688.9187     4.2362   152.9974     5.4804
524    -1.8640   -13.0499  1811.7536     4.7635   145.3887    16.1254
525    -8.3064   -10.2032  1882.8969     5.9230   135.0344    15.7580
526   -12.8203    -0.0864  2010.7942     5.9953   141.7546    10.2373
527   -10.9115     5.8557  2090.1228     3.4182   141.2030     6.3417
528    10.1118     8.8344  1918.3125     4.9107   160.4341     6.1955
529    12.5800    -5.6118  1727.9120     8.4733   126.5151    10.9395
530    -5.0619   -13.0519  1867.6121     6.7655   129.9864    18.1103
531    13.6881    -3.5203  1749.8691     4.1984   130.0335    11.7931
532     0.1051    12.2806  2023.5677     4.4400   127.1763     5.7561
533   -13.1125    -2.3757  1982.3846     5.5695   130.5151     6.7814
534     2.2014    12.6782  1985.2850     6.5220   136.9516    13.4272
535    -9.0560     8.2635  2125.9325     4.4814   137.3827     7.0616
536     8.3735    10.3355  1919.0871     5.2014   146.5026     5.7152
537    13.3985     3.2647  1821.7966     5.4269   132.2897     9.5915
538    12.3699     5.5552  1847.0063     6.5063   123.1532    14.8731
539     4.0076   -13.3767  1700.4452     3.9955   106.6400     5.2131
540   -12.1741    -5.7330  1937.4194     6.8652   153.5802    13.8099
541     9.0602   -10.6596  1657.9134     5.2180   134.7185     6.8303
542    -2.8082    12.3740  2059.8888     5.6709   131.3425    10.1379
543     7.7379   -11.7182  1671.7919     4.3937   131.2503     5.9164
544    -0.4025   -13.9574  1782.7188     4.7178   109.5601     5.9081
545   -10.0478    -8.9809  1904.7083     6.9085   159.4345    15.5147
546   -12.3735     3.6063  2055.1004     3.6916   142.1909     5.6218
547    -7.1669   -11.9673  1866.3691     4.8234   152.8316    13.2204
548    15.2600     0.0236  1801.2823     5.1028   141.8581    11.9633
549     5.9995   -13.1759  1683.1937     3.4341   127.7123     4.4273
550     6.5072    11.8251  1959.1665     7.4258   145.9824    12.6612
551    12.3787    -7.5983  1693.8769     3.0876   131.4370     4.8113
552    11.9370     7.9493  1895.5958     5.5416   133.6608    10.0708
553    -2.7861   -13.9740  1812.9992     7.2511   140.0182    14.3168
554    -8.2626     9.8550  2150.8469     3.7837   129.6921     4.1126
555    10.6565    -9.8639  1656.8873     4.6098   121.2323     6.8558
556    -4.4081    12.3727  2081.5954     3.7468   129.4314     5.7074
557   -10.6489     7.4662  2131.1142     3.3513   141.2472     5.2542
558   -11.8520    -7.9864  1920.1128     5.3171   151.0199    13.1193
559    -6.9469    10.9087  2135.2047     3.5160   137.9294     4.7096
560    -1.4781    13.4177  2039.4336     3.8242   118.8840     5.9337
561   -13.2553     2.2594  2043.0988     6.8020   138.7618    12.9043
562   -12.3732     5.2009  2078.6762     4.4779   155.6882    10.5005
563   -14.2875    -4.5363  1954.0542     5.9641   156.8530    12.4593
564    -4.2910   -14.4944  1841.1714     4.1590   157.2034    15.1180
565    -9.8504     9.0646  2141.4336     4.6386   127.5562     4.9657
566     0.9420   -14.8290  1774.2927     6.8409   145.3133    20.1575
567    13.8858    -5.4743  1722.9129     4.2380   125.7606     8.5412
568     3.2169   -14.7673  1720.9560     4.0301   129.2417     6.7758
569     7.5982   -13.1747  1664.0866     3.3283   122.8413     4.4152
570    -1.5018   -15.2450  1799.7884     4.6570   140.0870     6.0369
571    -6.2443   -13.6953  1849.4332     4.2962   152.3996    12.6741
572     9.9863   -11.5844  1638.8300     3.6539   124.2498     4.6201
573    15.4805    -2.3899  1769.5638     3.9258   124.7580     6.7860
574    -9.7923   -11.1669  1876.2681     4.2670   149.2972     7.3693
575     8.9926   -12.7591  1664.0696     4.1458   128.4664     5.2045
576    -6.0035    12.3734  2113.2431     4.6232   123.1481     5.7806
577   -15.1981    -0.7042  2012.8701     6.7803   152.8136     9.5509
578    12.3811    -9.1916  1674.1687     4.3445   135.2222     7.7722
579    15.6530     2.5917  1828.7686     8.2355   136.3026    11.8509
580     5.4934    13.7077  1962.3661     7.2726   145.4829    13.5876
581   -15.1132     1.6430  2036.7764     4.6626   147.5896     6.0970
582    14.2792     5.5911  1863.9898     5.8352   122.1384     8.5810
583     0.2996    14.5894  2015.2137     6.8618   139.1498    14.4997
584    10.3523    11.1507  1911.5000     5.5647   143.1179    11.3225
585   -12.3752     6.7937  2095.7272     4.7967   144.4706    14.9769
586    -9.0612    10.6583  2135.1920     4.2559   138.9279     4.8633
587     5.4631   -14.6913  1702.1422     4.8100   121.7560     6.5673
588     3.5101    14.6356  1990.3863     7.5213   139.3283     9.2122
589    11.5812   -10.7895  1644.7806     3.8083   139.1707     4.5477
590   -11.5803     8.3886  2130.8489     3.5265   130.6195     4.8320
591    -7.9909    11.7799  2120.6774     4.4177   142.4628     5.7929
592    14.4769     7.9603  1885.3535     5.1722   131.0260     9.0604
593     8.0755    12.8598  1919.4735     7.7278   136.4007    11.7058
594    -3.8685    13.8895  2085.5758     6.4869   130.9898    11.8570
595    13.8940    -7.8526  1680.0062     4.0243   125.7117     4.8914
596    -8.7569   -13.0885  1872.9650     4.0146   158.3707     7.0860
597   -11.8764   -10.2851  1915.7459     5.6815   139.5292     8.7201
598    12.6889    10.6275  1881.1864     5.2202   137.5149    12.8264
599   -13.8942     4.9572  2079.9360     5.3249   134.8081     8.8491
600   -10.7794     9.9951  2149.6659     4.7819   137.4702     5.8407
601   -16.3213    -2.7684  1975.9013     7.5619   137.4669    14.7147
602    -3.1961   -16.2731  1825.9205     4.8473   157.5564     7.9423
603    15.2723    -6.5282  1695.6863     3.4230   125.3311     4.9172
604    16.0233    -4.7094  1736.9719     4.4655   134.7232     7.2440
605   -15.0551    -7.8876  1942.9904     5.5293   130.1800     8.6991
606    -2.3575    15.6484  2036.8984     5.5156   137.2535    12.9398
607   -15.2202     3.9019  2052.2936     4.1724   125.2941     6.6356
608     7.8501   -14.6982  1670.0105     5.6263   130.3704     8.2804
609     0.8265   -16.8618  1766.7310    10.4621   139.3851    14.4196
610    -1.3690   -17.7513  1816.0056     5.2175   151.3666    13.2465
611    -7.5983    13.1725  2122.1807     4.0024   136.3172     6.0107
612    -6.2294    14.0529  2100.2181     4.3181   143.2954     5.4139
613    -9.9859    11.5819  2141.9308     6.1605   142.9793     9.3979
614     3.2140   -16.7282  1739.1767     3.4448   129.1416     5.0402
615    11.3296   -12.4716  1658.7447     4.0662   134.7415     4.7140
616   -13.8981     7.0454  2098.4422     3.2809   132.5836     4.7824
617   -11.3991   -12.9395  1893.3004     6.8661   127.0253    11.0613
618    -7.5775   -15.1658  1855.7647     4.2963   144.3013     7.5084
619     6.5295   -16.0775  1698.9688     4.2595   133.1204     7.6318
620    -5.4681   -16.3935  1830.6012     4.4953   137.8774    13.4414
621    13.2680   -10.5448  1665.6316     3.9773   116.6093     4.6093
622   -13.0995     8.9318  2130.7119     4.7681   125.1687     5.0238
623    10.2178   -13.9077  1656.0794     4.5360   135.3867     7.6861
624     1.7111    17.1374  2011.8905     4.5248   131.9485     6.3239
625     5.2905   -17.3060  1737.2059     7.9206   137.1523     9.6184
626    -4.8153    15.3629  2077.9725     4.7330   130.3547     6.4755
627   -15.7082     6.4071  2076.1939     3.0465   129.0041     4.1440
628   -12.2967    10.5282  2148.6038     3.6246   123.5346     4.1235
629   -13.7683   -12.2648  1918.2755     7.1572   152.3570    14.0521
630    14.7737    -9.5917  1688.6055     5.1083   121.7864     7.2290
631    10.6769    13.8397  1927.2717     4.4930   141.3063     9.1712
632    -9.4299    13.1000  2138.5570     5.2276   122.9482     5.6867
633    17.9522    -1.1524  1783.0117     7.9604   124.0792     9.2683
634    18.9022     2.2752  1820.3279     6.6282   136.1270    15.4815
635    17.2758     6.2931  1844.9802     5.5546   137.3812    15.1394
636     7.7665    15.3313  1957.2459     5.5709   119.9574     6.8217
637    16.1731    -8.6797  1690.1682     5.4106   102.0873     5.6149
638   -17.5806     1.2936  2020.7710     7.2565   139.4286    14.8232
639    18.5097    -4.4417  1770.9247     4.3304   124.7478     6.2032
640   -10.9644   -15.4857  1870.4958     5.8453   135.8355     5.9573
641   -11.6877    12.0904  2141.0969     4.3305   129.0630     4.8137
642     5.5946    17.3916  1969.6380     6.5923   132.7398     5.7203
643    -1.3446    18.0865  2018.1636    11.7897   137.2695    16.5066
644    13.1813   -12.7539  1653.9890     3.2154   123.3613     4.3324
645     9.5861   -15.5786  1671.2076     5.0796   125.4971     6.0341
646   -18.0633    -5.8382  1956.5251     5.8587   143.0241    11.7668
647     2.7270   -19.1658  1761.0816     5.7761   156.1816    15.7116
648     8.6617   -16.9649  1692.4673     3.7139   132.8378     4.3841
649    14.5514    13.8254  1918.6178     7.2575   104.8688     9.5602
650   -14.7507     8.7532  2120.2837     5.0753   125.3405     5.0227
651    -8.7918    14.7730  2123.4666     3.6346   137.5540     4.5791
652    -7.0824    16.0279  2108.7769     3.7737   123.4692     4.6727
653   -18.9608    -1.4252  1991.2191    10.8381   159.4091    17.1346
654    16.0012    10.3814  1892.5313     6.4496   115.7872    10.5704
655    17.9604    -7.1183  1733.7993     4.7843   132.1164     4.0729
656    11.8476   -14.5156  1659.3960     3.0012   121.3483     4.1180
657    -4.1561   -19.3815  1824.4547     5.1765   135.1017    12.6613
658    14.9292   -11.9643  1682.2592     5.5121   126.1357     5.4215
659   -17.5471     4.3269  2056.9985     4.6151   137.7074     6.5118
660     0.0742   -20.2391  1788.2187     4.0573   153.0688     8.5127
661    -4.5648    17.5945  2055.9982     5.4045   141.3674     6.3040
662   -14.2699    11.3491  2127.6433     6.1001   131.0126     6.9593
663    -7.7664   -18.1695  1834.5849     6.4409   125.3373     7.8035
664   -11.0726    14.1356  2135.5343     3.6544   127.9247     4.2852
665   -17.0232     8.1427  2081.7678     5.7698   142.2930     9.6938
666   -13.7655    13.5497  2127.1242     4.5808   131.3240     5.1411
667    10.3047    17.3870  1939.8470     8.4541   114.1735    12.8349
668     7.0573   -18.9527  1725.0775     4.6629   127.1811     7.9733
669    16.8167   -11.0569  1692.4630     5.2560   107.7545     5.9512
670   -19.1141     6.2230  2048.9878     4.4650   123.4011     8.4738
671    11.2936   -16.8394  1673.0001     3.9518   127.3483     4.3503
672    -9.5921    16.7277  2119.6210     3.7737   123.1051     4.6877
673    18.6747    -9.7247  1690.7191     2.9853   127.6529     4.5557
674    13.6644   -15.2801  1650.7818     3.4167   120.6018     4.3831
675    15.8423   -13.6731  1662.9382     3.0817   123.4612     4.6974
676     4.8263   -20.9491  1749.5239     5.0745   139.8209     9.7543
677   -16.5790    10.2634  2101.7379     9.0118   154.9973    13.7616
678   -11.7401    16.1578  2131.8264     5.6503   139.9297     7.0959
679    -7.2064    18.6371  2081.1592     3.6486   119.7142     4.9839
680    22.1158     4.4749  1843.2784     7.1709   136.3138    15.0677
681    21.3656    -1.7737  1790.6337     6.5096   131.1479     9.4214
682     9.9266   -19.1598  1696.8258     3.3886   136.8965     4.6894
683    13.5603   -17.5248  1673.4446     4.8200   135.4591     4.6791
684   -20.6175     2.6335  2013.3939     6.1938   140.6976    13.7348
685     0.6159    21.1511  2013.2448     6.4282   126.2879    12.0065
686   -21.6989    -3.9800  1983.6933     5.7377   140.6825    10.7322
687    21.5994    -6.9930  1769.1469     9.1117   148.6901    17.4633
688     3.7880    21.4121  1994.4406     8.1926   116.4195     9.2834
689    -4.3015    20.1031  2041.7433     5.2362   135.6597     5.4861
690     1.9959   -23.7153  1769.8196     6.2379   140.1939    10.7324
691    18.7289   -13.3500  1693.1461     4.4655   119.9850     4.8928
692    -1.4972   -22.6052  1797.4441     6.1716   126.6312    10.2274
693    15.9485   -16.3035  1671.2612     4.4294   135.8910     4.9523
694    -2.2017    22.6570  2016.8095     5.1248   126.6678     6.1698
695    12.5256   -20.0373  1691.6097     4.5853   139.3939     6.0234
696     8.2723   -22.0828  1741.4063     4.3639   128.1169     5.7828
697    -9.8962    19.3678  2080.4953     5.1129   152.1406     7.9234
698   -23.0585    -0.5336  2001.7377     4.7921   160.6913     4.1012
699    21.3501   -11.0457  1722.8267     3.6717   132.1027     4.5448
700    -6.7512    22.6015  2068.2853     4.8678   143.6138     6.5205
701    25.3046    -4.3637  1772.1598     7.4227   140.1988    16.2109
702     5.1051   -25.4414  1773.7928     6.0184   144.9264    19.6029
703    11.7858   -23.2430  1708.9943     3.3376   138.8881     5.6149
704    18.3069   -16.2705  1689.2788     9.6080   160.0875    16.2085
705    15.4382   -19.7728  1683.4887     7.1785   133.6823    10.0300
706    25.9884     0.7710  1817.4939     4.2495   135.8499     9.4360
707    -2.5127    26.3457  2038.9002     3.9963   107.3175     5.5644
708     8.2412   -27.0339  1749.6682     3.3830   151.2469    16.1441
